-- arm C, scale 1000, query #0, settings: set local enable_seqscan = off
Limit  (cost=202.20..248.66 rows=10 width=862) (actual time=0.834..0.924 rows=10.00 loops=1)
  Buffers: shared hit=889
  ->  Nested Loop  (cost=202.20..4848.17 rows=1000 width=862) (actual time=0.834..0.923 rows=10.00 loops=1)
        Buffers: shared hit=889
        ->  Index Scan using idx_contents_embedding_hnsw on contents c  (cost=202.05..4820.00 rows=1000 width=848) (actual time=0.790..0.800 rows=10.00 loops=1)
              Order By: (embedding <=> '[-0.035388537,0.03055483,0.05908001,-0.0054154466,0.025812352,-0.027126104,0.022136273,0.06272553,-0.008528042,-0.008218221,0.015465873,0.028615287,-0.005538048,0.021473646,0.002434046,0.01405174,0.0070534325,0.033209495,0.0018423453,0.01878321,0.020155292,0.00023492523,-0.020211421,-0.007117617,0.028994026,0.030776666,0.03317985,-0.013807768,-0.040797375,-0.0555761,0.059658244,0.039518025,-0.0026059414,0.014814841,-0.018787723,0.017454114,-0.02242331,-0.017226905,-0.0052733053,0.041989185,0.03067978,-0.013033598,-0.010343175,0.034632735,0.017432475,-0.013918742,-0.037455052,0.011925421,-0.009126591,-0.0018919171,0.00453136,-0.009922498,-0.03740687,-0.030103989,-0.013097112,0.023457007,-0.03655299,-0.037280425,0.01584961,0.037099607,-0.016750386,-0.023180678,0.022590948,-0.00080754457,0.04005733,0.044707615,0.044187356,-0.074597456,0.019523498,0.0050581247,-0.0070547005,0.039293855,0.033779897,-0.017786017,0.006724959,0.0021115916,-0.0124945035,0.019462058,-0.0013456139,-0.00992673,0.0048882384,0.023730626,0.023359329,-0.0036834783,0.022651816,-0.00093865715,0.02187843,-0.01489647,-0.0053495467,-0.015082035,0.026041068,-0.005857306,0.004720595,-0.024708485,0.008217596,-0.034931805,-0.016383054,-0.02377346,0.021337783,-0.009506268,0.016764177,0.008398148,0.0052932925,-0.008868564,-0.002396208,0.027664402,-0.02136781,0.022856915,-0.036405265,-0.018238258,-0.003525824,0.01545922,-0.008653103,0.023398798,-0.021024913,-0.014231077,-0.052055456,0.007139592,-0.020135092,-0.013855868,-0.010223404,0.0019135092,0.0010751428,0.03505258,0.006022509,-0.015005676,-0.017509537,-0.0041040233,0.018593768,-0.008963294,0.013141292,0.03030267,0.018464496,-0.008346203,0.027849093,0.038412295,-0.0050769416,0.0035351766,0.006696565,-0.016457377,0.010811475,0.011338465,0.014859659,-0.01562535,0.0026277576,0.015853789,0.044012636,0.03514944,-0.0330195,-0.026878558,0.00069395045,-0.07693748,-0.0019402482,-0.027537698,-0.015158652,0.025395703,0.008126722,0.0061018523,0.029860316,0.010519214,0.009663083,-0.017865593,0.00856986,0.024916217,0.01477986,0.025933253,0.021074718,0.012859157,-0.0008596698,0.007882822,-0.019479476,-0.0007714507,-0.08527292,0.033247426,-0.045398407,0.036403693,-0.028563533,-0.006970151,0.032985345,-0.045423895,-0.020422194,0.011600072,0.03168304,0.04906031,-0.0031789239,0.02741775,-0.005161641,0.022919787,0.013890754,-0.018239856,0.0044011744,0.0015316635,0.008303518,0.012698233,-0.004027814,0.053879652,0.008116696,-0.037572283,-0.010617262,0.00277986,0.0025789617,0.034294065,0.012190775,-0.0113074165,0.0512401,0.017299337,-0.015700217,-0.019952592,0.014376546,-0.02320511,0.028156742,-0.016019087,-0.003400383,0.057716794,3.404859e-05,-0.0379745,0.021439318,0.031141695,0.0015451914,0.024255518,0.02882754,-0.0069747227,-0.025419114,-0.0078215785,0.0060260682,0.003639506,0.008440958,0.03145601,-0.006247301,-0.0057171783,0.009530795,-0.009593251,0.024270702,0.005375966,0.0037523133,0.0029783736,-0.0001153546,0.011888794,-0.08053149,0.018921522,-0.012504457,-0.018852448,-0.030828115,0.022235794,0.013854179,-0.011948215,0.02657421,-0.07440851,-0.0040308144,-0.0201027,-0.012862104,0.075702526,-0.033407792,0.019632246,-0.037075453,-0.021680884,0.02114106,0.008554347,-0.0012906971,0.0017533522,-5.6470235e-05,0.01288568,-0.023114298,0.015215799,-0.039157286,-0.018497083,-0.03200791,0.010356789,-0.0012198527,-0.042355396,0.032030005,0.028668296,-0.016639587,0.006207424,-0.0013132412,0.021765633,0.019169109,0.043945428,0.014475423,0.0056053856,0.018215114,-0.005052886,0.017713422,0.044228315,0.030969862,0.024036767,-0.0024968926,0.003961566,-0.016055297,-0.012544313,0.012674,0.006937955,-0.046528805,0.045107543,-0.04586127,0.020707116,0.058477085,-0.0016328958,-0.052560598,-0.017442297,0.0063179214,0.013754463,0.03610931,0.013969306,0.029552259,0.019737082,-0.029249879,0.02771499,0.007850553,-0.00995034,-0.04264316,0.041210048,0.02836286,0.0072143883,-0.026153238,0.01551534,0.03722541,0.02023778,-0.024551135,0.034482148,0.009487801,-0.011719496,0.036116462,0.0014195865,0.00344692,-0.013475633,-0.022385513,0.04529001,-0.011493592,0.0078627,0.035694998,-0.025590194,-0.020275475,0.011294387,-0.008388133,0.040681247,-0.027025033,-0.027127363,-0.008319382,-0.0030311788,0.017151129,-0.022921888,-0.0028701765,0.006602745,-0.021525787,0.029722309,0.0004417698,0.038437407,0.048004776,-0.02036043,-0.0070464998,-0.017751606,-0.046344716,-0.022212751,-0.003661928,-0.0060079186,-0.03113217,-0.016183732,-0.012081964,-0.01452632,0.0030598396,-0.013708438,-0.029412668,-0.004538611,0.0002508661,0.010861875,-0.012776429,-0.018456036,0.017885381,0.013262073,-0.0027304566,0.0069717555,0.02250307,-0.00052428385,-0.0027269186,-0.007124563,0.02424526,-0.00014102367,0.06176433,0.06137623,0.034313213,-0.00039631638,-0.0042633475,0.0055583958,-0.010090888,0.009083696,-0.016995963,0.021669699,0.01079403,-0.023770701,0.013628951,-0.039779983,0.0012044993,0.031750795,-0.054670308,-0.06678779,0.027690494,0.028718153,-0.030248098,0.023714162,0.00881358,-0.018354593,0.022020731,-0.015073511,0.004808505,-0.019396834,-0.0008719358,0.011593162,-0.03167003,-0.0059847934,0.042683255,0.008494155,-0.029235404,0.0003009274,-0.01771779,-0.01826295,0.0043400624,0.075252056,0.0276228,-0.014636401,0.022879345,-0.055915866,-0.010331378,0.023781214,0.009196094,0.00580301,0.03157694,0.017998014,-0.008859101,-0.010475713,0.015224768,-0.066570505,0.023871243,0.03990697,-0.028875655,-0.019909067,0.04491613,0.03837639,0.027242512,0.018218376,0.0016124302,0.056232866,-0.023405645,-0.005071499,0.042093527,0.033270787,0.05040845,-0.0044553992,-0.010707282,-0.011206948,0.03613036,-0.003169473,0.03162645,-0.018157536,-0.00059263344,0.022542851,0.0058488287,0.011560262,-0.030738195,-0.00035150693,-0.009531044,0.00944179,0.015125348,-0.017261585,0.028827844,-0.034593455,0.060136992,-0.018322024,0.005702857,0.02328648,0.024201801,0.0092212325,0.03384649,0.003018979,0.016289495,0.0129731605,-0.00923407,0.0009722479,-0.030717524,-0.009612325,0.0074707665,0.016679766,0.013275303,-0.0019058461,-0.021586102,-0.030559704,-0.048414685,-0.00042336344,-0.029245367,0.0022747507,0.013925299,0.007899161,-0.023458535,0.0067358604,0.012194764,0.028131755,0.037252236,-0.026892448,-0.017221468,0.0027432635,0.01449935,0.00039235468,-0.041033413,0.030960113,-0.0025796783,0.007356564,0.040436342,0.040663153,0.014126147,0.018551717,0.03155395,-0.010734273,-0.053143263,0.0023773685,-0.024882833,0.002626624,0.019846145,-0.03349588,-0.0060438165,0.008630022,0.020090345,-0.008687257,-0.027243849,-0.014025605,0.013104593,-0.0045423447,-0.005460534,-0.07863989,-0.002283624,0.008704441,0.027665509,0.073707215,0.00023252876,0.048055448,0.039866693,-0.012713787,-0.043753184,-0.030881068,-0.0062926398,-0.025594966,-0.011598457,0.02338048,0.014567061,0.031145751,0.0006029036,0.017336592,-0.050199218,-0.03352364,-0.0038608774,0.013338527,-0.011984621,-0.0064504324,-0.051952016,0.051081974,0.04826334,0.023333924,0.0049573006,0.02871281,-0.00019220164,0.048031475,-0.046658985,0.017221922,0.053004358,0.03334309,-0.008319,-0.031251863,-0.020235538,0.012658582,-0.011097292,0.034124464,0.009079778,0.008007912,0.012922766,-0.021257946,0.058692284,-0.013363082,0.026158756,0.019414453,-0.020594535,0.023270885,0.0032165209,-0.028658576,-0.019937666,0.0065657315,-0.017394777,-0.008042651,-0.063438416,-0.006199589,-0.017459894,0.006724447,0.03931176,0.023198977,0.004810434,0.013014154,-0.019758116,0.01710084,0.014973049,-0.039155416,-0.007353791,0.008387815,0.0041242274,0.012785529,-0.033437725,0.01774374,-0.014676065,-0.026420113,-0.020341126,-0.017166067,-0.03144213,0.0024374558,-0.0027054101,-0.015972404,0.021010842,0.026659584,0.008058751,-0.00637588,-0.05334438,-0.0033730017,0.027052464,0.027413994,0.016980486,-0.0016540579,0.018347114,0.021044364,0.03923107,0.0143446755,0.017042762,-0.009965249,-0.010613228,0.0212382,-0.007177672,0.045464434,-0.0027495422,-0.05178194,0.00404352,0.002358778,-0.0018521496,-0.025662946,0.007376963,-0.027863182,-0.04389902,-0.025344418,-0.0572285,0.0010983623,-0.009957833,0.01721523,0.031196106,-0.014178,0.0026986995,-0.0067307265,-0.019243477,-0.030338772,-0.0111691775,-0.06731666,-0.024206549,-0.0051326333,0.022536764,0.00076983636,-0.016829697,-0.023007244,-0.027809616,0.010693268,-0.03591056,0.048882246,0.036981065,-0.0030509175,0.032332726,0.030960381,0.01814748,0.016750097,0.018829988,-0.03939937,-0.018948821,0.047344323,0.005060226,-0.012056841,-0.03644975,0.018394463,0.045149833,-0.018718036,0.027392643,-0.014333996,0.037325177,0.016861646,0.016512083,-0.024813715,0.014357801,0.0611275,0.010205228,-0.026894214,-0.009047827,-0.015116155,0.010486815,0.015004834,0.05230053,0.024595896,0.004610085,-0.006730337,0.009011091,0.021425048,-0.012245427,-0.013495552,0.0035876178,0.0098119285,-0.0060730367,0.0069885533,-0.028504014,-0.008335336,-0.03584145,-0.0011441504,-0.01526886,0.02701822,-0.0040690233,0.010264602,-0.03405327,0.008954508,0.020784458,0.0011890004,0.007671045,0.028608577,-0.032215025,0.0010115525,-0.010939924,-0.030574542,0.02881763,0.017602507,-0.033929355,0.027260562,-0.02629447,-0.019970655,-0.045769338,0.010339468,-0.008755816,0.028315961,0.01321287,-0.004692528,-0.0015727032,-0.0086511625,0.011434941,0.023021596,-0.0152191315,-0.012764334,-0.002804465,0.01825193,-0.015136584,0.004168812,0.003254563,0.030977292,0.0149874985,0.05507501,-0.00059691886,0.005073218,0.009199246,0.021730704,0.015554107,-0.012494998,-0.020611254,-0.026989128,0.018753711,0.014861839,-0.02115316,0.041763313,-0.015103015,-0.0031466587,-0.03217346,0.02942164,0.0072798464,-0.030447122,-0.005739761,-0.015213027,-0.0124348905,-0.022104759,0.09069292,-0.048349995,-0.014912789,0.013595813,-0.012587306,0.016298043,-0.026012855,-0.054933626,0.0069744596,0.012451713,0.015518662,0.015347302,0.028407332,0.002347336,-0.018273994,0.027472055,-0.0063005495,-0.031557266,-0.0022800283,0.01296202,0.0053723427,0.0017142632,-0.039379798,0.014711089,-0.024053648,0.025558054,0.016511746,-0.024098685,0.020614587,0.005402206,0.0019909355,-0.0140363835,-0.022019316,0.019018698,0.008201259,0.0045002974,0.033576943,0.025961298,-0.044653933,0.011831635,0.023197021,-0.018396514,-0.03909505,0.014350341,0.016551916,0.017300336,0.014170827,0.021250905,-0.017341198,-0.027199993,0.047404487,0.026496286,0.014491914,0.039352693,0.0052741216,0.04690685,0.030147275,0.031810485,-0.0073287655,-0.039667122,0.014231205,0.022764001,0.043047946,-0.051516347,0.006425784,0.059489656,0.023506682,-0.019334216,-0.07138656,-0.053859416,0.012351761,0.011261508,0.03148587,-0.016543616,0.02947599,-0.023624813,-0.014118511,0.012404673,0.0075707925,0.008447849,-0.015364199,0.011249578,0.010344362,0.009898811,-0.004790094,0.007972071,0.0073976154,-0.019429132,-0.024201544,-0.008070148,0.002170846,-0.0013468491,-0.0035132158,-0.035102565,-0.023158105,-0.0034926203,-0.038374633,-0.016727563,0.009095542,0.009789936,-0.0012704007,-0.008456696,-0.001932875,-0.028716022,0.011468605,-0.046074886,-0.016394824,0.015786184,0.047333676,-0.0022219464,-0.00051603967,-0.011508191,0.0319842,-0.021832809,0.011690495,-0.035280723,-0.003552512,0.041971013,0.0013580426,-0.006084861,-0.022403114,-0.016360203,-0.014709805,0.021709764,0.06693533,-0.01475439,-0.003138801,-0.015965637,0.042138387,-0.006607221,0.032092765,-0.016321316,0.0018357364,0.018471142,0.021358615,0.003665794,0.03905441,0.023712415,0.023282997,0.01387869,0.005125298,0.03198471,-0.04507439,-0.011886987,0.023856532,0.015385285,0.01784625,-0.020013168,-0.018078946,-0.007825755,0.0069615087,0.037763815,-0.018208269,-0.03246876,-0.046753727,0.0018110658,-0.03945456,0.006785396,-0.024412371,0.031859417,-0.015350612,0.037681315,-0.023449179,-0.051425528,0.00613398,-0.0047839484,0.015121782,0.007830472,0.02792886,-0.016244376,0.0023957468,0.020832757,-0.025982216,-0.04166183,-0.021698594,-0.003425195,-0.028402666,0.0058816043,-0.027251264,-0.03591838,-0.045081567,-0.039548274,-0.02148653,0.054889936,-0.01722001,-0.029571662,-0.0074648834,0.025213474,-0.006276108,-0.01720536,0.000825944,-0.0070801424,-0.02486503,0.0076063587,0.03235573,-0.0020030532,0.017943675,-0.00540876,-0.0048134,-0.016118804,0.034405485,0.010462985,-0.012315023,-0.008283749,-0.014514328,-0.011625462,-0.001976392,-0.015967254,-0.005792411,0.013654668,-0.02637607,0.006195928,-0.021483518,0.0034984038,0.0671984,0.024146425,0.01911607,0.052912004,-0.008497956,-0.0058411364,-0.002956442,0.008914667,-0.03013129,-0.0047470205,-0.0013260508,-0.04151351,-0.00042143857,-0.004058894,0.04551754,-0.029016454,0.07840792,0.048000854,0.016257357,0.013522332,0.038287025,-0.020393182,0.0032973362,0.017426943,-0.021346902,-0.038075656,-0.011160454,0.015459356,-0.06703859,-0.01597589,0.025337974,0.07300162,0.020843722,0.0124245575,-0.013440219,-0.003243499,-0.0060395477,0.015552,0.014784704,-0.0034555923,0.0024292723,-0.06117389,0.0067959023,-0.0047826353,0.0075116185,-0.07657223,0.0027412847,-0.0120821735,-0.0040671504,-0.0010720694,0.017616104,-0.0062412242,0.033428054,-0.038251072,-0.023449415,-0.0507113,0.015606314,0.0013434199,0.0066450024,-0.048697416,0.04812286,-0.01148458,0.0421444,-0.020218948,-0.020322222,-0.044826474,0.026110876,0.0056569106,-0.006351033,-0.007010696,-0.02237842,-0.035793494,-0.019808806,0.01642667,-0.014058609,-0.02348784,-0.021394314,-0.004233547,0.018894149,0.011536949,-0.036388922,-0.025341092,-0.011212326,-0.048620444,-0.02554553,-0.017679702,0.03918384,0.023015983,0.03158216,-0.03730697,-0.026635677,-0.00292228,-0.0013566168,0.011591114,-0.019804306,0.033973303,-0.020009931,-0.011397785,0.004289477,-0.037521604,0.0066294707,0.0312428,-0.028957795,-0.01946047,-0.0060697403,0.019415677,0.014388798,-0.024142563,0.020692447,0.019116154,-0.0068426062,-0.030248929,0.022597982,0.020456407,0.049133427,0.014325236,-0.037475433,0.031118935,0.022335416,0.028627418,-0.007831776,-0.01692568,0.006355341,-0.0024739616,-0.012734081,-0.009182779,0.003247449,0.017496703,0.012935209,-0.04539251,0.007548755,0.001289153,-0.0013915407,0.073188834,0.005621201,-0.013976596,0.02762358,0.022558019,0.04078522,-0.006085197,-0.013373199,-0.011311603,0.009855788,0.02297002,-0.0022987581,-0.020651164,-0.03008721,0.028805686,0.0028468904,-0.039153997,0.042135544,-0.014728581,-0.019341178,-0.0047109746,-0.004040765,-0.010306937,0.027574623,0.017786028,0.0028948006,0.007074064,-0.08207008,0.03388519,0.023150705,-0.058772467,-0.0017176523,-0.0023079086,-0.027747553,0.024301454,-0.010693111,0.01731225,-0.020749142,0.017140169,-0.008597088,0.034554746,-0.005204755,-0.016989497,-0.029099392,0.013887778,0.01544754,0.016873432,0.022042094,0.019671852,-0.015057791,0.007127841,-0.027869051,0.0051112142,-0.007220762,-0.03084413,0.016948825,0.013338699,-0.024240319,-0.02881471,-0.055766217,-0.016160041,-0.024020799,-0.014431938,0.024432281,0.0155018,-0.046518516,0.023024458,-0.03447468,-0.0010165586,-0.0045655756,-0.006391629,0.0057893666,-0.0016258893,0.028316407,0.0028471376,-0.020422602,-0.025841068,0.032957356,0.028487802,0.037987698,0.0146625955,-0.029989801,-0.0058757192,0.013115726,0.07221146,-0.013466953,-0.0035519951,0.001959568,-0.04397165,-0.034333117,0.005334361,0.027119735,0.009349039,-0.021558912,-0.05248426,-0.017340004,-0.0053054453,-0.002344733,0.0064504603,0.016501024,0.013641461,-0.046991844,0.0014473924,0.049679786,0.015334484,-0.015007053,-0.00041589176,0.016273923,0.01004022,0.04342954,0.012168797,-0.009249425,0.018030047,-0.026193798,-0.0073720245,-0.0059673856,-0.05194187,-0.016831916,-0.03025369,-0.014686923,-0.06622656,0.04682081,0.012545098,0.018159173,0.0442716,0.037648223,0.018256456,0.0007456583,-0.01711828,0.006681845,0.009870883,-0.051782783,0.033263497,0.017760722,-0.004555757,-0.024123404,-0.01168125,0.0060289293,0.002175326,0.010206698,0.0010268505,0.014183065,-0.045270283,-0.0016912026,-0.0041508246,0.030629156,0.003919409,-0.025761507,-0.010686921,0.008154357,-0.008158397,0.034711346,-0.0010137301,-0.0113167595,-0.028059734,0.038401835,0.020215262,0.052295916,0.026250191,0.008254082,-0.026574183,-0.030845553,-0.02112067,-0.03477829,0.021332191,0.012895918,0.020857796,0.08410837,-0.007920075,0.012358482,-0.00083649403,-0.03208759,-0.0068321126,-0.023420656,0.07545589,-0.0060404586,0.0022871648,0.008949832,0.002825375,0.022837674,-0.031897318,0.012933248,0.028232805,-0.022634653,0.0036605538,0.006138518,0.01763772,0.018369382,0.026832324,0.013247108,0.022570139,-0.0004267157,-0.025617793,-0.007285968,-0.030662581,0.012083322,-0.02050258,-0.04302221,-0.0012593657,0.014945249,-0.021883927,0.0032398016,-0.017776027,0.033503104,0.013468992,0.0091521805,-1.1192663e-05,0.026128173,0.009897229,0.01579078,-0.015543253,0.02692931,-0.051283065,0.018813247,0.0055528414,0.008086368,0.040036246,0.021599768,-0.004970024,0.019493721,-0.0016900583,0.0038049612,-0.0018354781,0.019683065,0.03483021,-0.0041290987,-0.026528222,0.028126117,0.013591937,-0.01465393,0.0068332357,0.012166815,0.007211544,-0.017608084,0.02265682,-0.008505098,0.00845864,-0.0058310977,-0.034109004,-0.023438722,0.013583991,0.04003378,-0.008238853,-0.010742759,0.03082836,0.011168885,0.017451547,-0.00425314,0.0022968543,-0.0012793589,-0.0072953426,-0.0070264167,-0.008630263,-0.0134399915,-0.017500518,0.02998981,-0.028533654,-0.05360773,0.011147274,-0.0023301258,0.00520047,-0.046248402,0.036656316,-0.047738053,-0.017101921,-0.011249626,0.0028924702,0.0076856543,0.059360404,-0.04186949,0.033649173,-0.011723538,-0.048601095,0.015546323,0.000991496,0.06466315,0.008052698,0.0038567667,0.044423908,0.039812993,0.032674473,0.020018792,0.03213519,-0.00037157003,-0.003954319,0.026045693,-0.020249262,0.01812382,-0.005230884,0.024178443,-0.013055433,0.006511888,-0.016416645,0.027230445,-0.009998607,-0.02226618,0.012885498,-0.0037675153,0.014634007,0.011162409,0.01840687,-0.020749576,0.0048990604,-0.023304367,-0.013143892,-0.022841793,0.039918784,-0.052520964,0.021769041,-0.0053404057,-0.01835836,-0.010402789,-0.039210044,0.0058653983,0.041403938,0.0018143745,-0.0135453865,0.005770884,0.008655821,-0.0019424234,0.021316595,0.006286792,-0.03646647,0.0125889275,-0.021322696,0.029306483,0.02457377,0.034891866,-0.019675024,-0.018503048,-0.01684121,-0.01446485,-0.016416363,0.074194334,-0.009509992,0.035268653,-0.007440451,-0.0065753213,-0.017448425,0.046662748,0.04142319,-0.03183362,0.01611635,-0.01100356,0.0006731634,0.020015068,-0.013899898,-0.013392966,0.0056171664,-0.010371492,0.033125054,0.030484227,-0.023816941,-0.00015308143,-0.018481892,-0.01160337,0.02066115,-0.013487506,-0.06403942,-0.0022213755,0.0146742845,-0.012614291,-0.03321812,-0.04745678,-0.04523418,-0.02046895,0.030459767,-0.020593274,-0.0027359459,-0.034162063,0.009022531,0.020944158,0.012754247,-0.0004825687,0.008990243,-0.03256561,0.022517795,-0.008668706,-0.028190047,-0.021863258,-0.020569077,0.011563506,-0.014202115,0.011567795,-0.03503071,-0.014249642,0.030812565,0.01854693,-0.032140166,-0.007509996,0.013765627,-0.0047928053,0.0010524617,0.016714158,0.031857252,-0.06210828,0.034559198,0.017496243,-0.016380532,-0.019817173,0.001720986,0.011197169,-0.004015411,0.023336984,0.015638849,-0.015920762,-0.00051187666,-0.0030450295,-0.014361558,0.058933936,0.013810733,-0.043602142,0.010852653,0.0049172775,0.009755925,0.017517222,-0.02284956]'::vector)
              Filter: (user_id = 'c5cf617c-c355-491b-b2f2-2c0c5405d4fd'::uuid)
              Index Searches: 1
              Buffers: shared hit=823
        ->  Materialize  (cost=0.15..8.17 rows=1 width=48) (actual time=0.001..0.001 rows=1.00 loops=10)
              Storage: Memory  Maximum Storage: 17kB
              Buffers: shared hit=2
              ->  Index Scan using users_pkey on users u  (cost=0.15..8.17 rows=1 width=48) (actual time=0.005..0.005 rows=1.00 loops=1)
                    Index Cond: (id = 'c5cf617c-c355-491b-b2f2-2c0c5405d4fd'::uuid)
                    Index Searches: 1
                    Buffers: shared hit=2
Planning:
  Buffers: shared hit=1
Planning Time: 0.046 ms
Execution Time: 0.937 ms
